1101
1102
1103
1104
1108
1109
1110
1201
1203
1210
1213
1215
1216
1217
1218
1219
1220
1225
1227
1229
1231
1232
1233
1234
1235
1236
1240
1256
1258
1259
1262
1264
1268
1294
1295
1304
2328
2329
2331
2332
2337
2338
2340
2342
2344
2345
2347
2348
2349
2351
2352
2353
2354
2355
2356
2357
2358
2359
2360
2362
2363
2364
2365
2367
2368
2369
2371
2373
2374
2375
2376
2377
2379
2380
2381
2382
2383
2384
2385
2387
2388
2390
2392
2393
2395
2396
2397
2399
2401
2402
2404
2405
2406
2408
2409
2412
2413
2414
2415
2417
2880
2882
2883
2884
2885
2886
2887
2888
2889
2890
2891
2892
2897
2901
2903
2904
2905
2906
2908
2910
2911
2912
2913
2915
2916
2923
2924
2926
2928
2929
2936
2937
2939
2941
2945
2947
2948
2949
3002
3003
3004
3005
3006
3008
3010
3011
3013
3014
3015
3016
3293
3294
3296
3297
3298
3303
3305
3306
3308
3310
3311
3312
3313
3317
3321
3322
3323
3324
3325
3332
3338
3339
3346
3349
3354
3356
3357
3360
3362
3363
3369
3372
3373
3374
3376
3379
3380
3383
3388
3390
3402
3406
3413
3416
3419
3426
3430
3431
3432
3434
3437
3438
3441
3443
3444
3447
3450
3452
3454
3455
3465
3466
3467
3479
3481
3483
3484
3485
3489
3490
3491
3492
3494
3498
3499
3501
3504
3508
3511
3512
3515
3516
3518
3519
3520
3521
3522
3523
3526
3527
3528
3529
3530
3531
3532
3533
3535
3536
3537
3540
3541
3543
3545
3546
3548
3550
3551
3552
3555
3556
3557
3558
3562
3563
3564
3567
3570
3573
3576
3577
3579
3580
3581
3583
3587
3588
3591
3592
3593
3594
3596
3597
3605
3607
3609
3611
3615
3617
3622
3623
3624
3625
6776
6781
6782
6785
6788
6789
6790
6791
6792
6794
6796
6799
6803
6804
6805
6806
6807
6811
6821
6823
6829
6830
6831
6834
6835
6838
6840
6841
6843
6844
6846
8114
8121
8131
8147
8150
8155
8163
8171
8176
8182
8183
8201
8210
